         0	      -142	     -1783	       436	         0
         1	      -352	       824	       140	         0
         2	      -117	      -126	       105	         0
         3	       -55	      -404	      -460	         0
         4	       145	       -43	       -92	         0
         5	      -235	      -667	       -32	         0
         6	      -630	      -165	        62	         0
         7	      -657	     -1297	        43	         0
         8	       -74	      -217	       -38	         0
         9	       641	      -202	       -97	         0
