    199961	 413393336	 177918445	 342127126	 102875998
    199962	 893697132	 854087093	1421680046	 623011925
    199963	1934388900	1406456435	2069000738	2091199533
    199964	 404059912	 278467189	1073244445	 284040494
    199965	 287771638	 236752099	1006178012	1281789894
    199966	 584942089	1833073833	2055990537	1897738605
    199967	2077006099	 182469164	 739183267	1711831868
    199968	1468249876	 544975806	1977566685	1881643212
    199969	 722894251	 172210163	1984519211	1616591384
    199970	1026297256	1258715609	  92119661	 813202508
    199971	 517688396	  13636751	 756918394	 921748309
    199972	 292103940	1830162839	1205788803	 579875579
    199973	2066914938	  64483167	1861665473	 504373379
    199974	1897557000	1770172362	 254628336	1827079451
    199975	1952641526	 993811603	1391427671	1273407754
    199976	1538787410	1221510708	1007567318	 114198013
    199977	1393720872	 844602881	1730789397	 272534480
    199978	2103318490	1822909058	1085736989	 473523239
    199979	1836545809	1842655383	1395271548	2128649750
    199980	1525334574	 453576703	 561041681	1444765864
    199981	 518059870	 275223506	1949139244	 268133222
    199982	2045395868	  56283932	2095212673	1850553746
    199983	1050095536	1339156696	 976477852	 441399298
    199984	 413183757	1984045170	 555597311	1806904629
    199985	 681164404	 138903061	2079439109	 636999246
    199986	1961812119	1017692450	1110522485	1650874281
    199987	 712864185	 358310385	1632040383	  90715111
    199988	 811887088	  45598416	1535480976	1329946958
    199989	 320821922	1337136572	1598080180	 218734142
    199990	1393420504	1545809205	2069287888	 296032392
    199991	 737482254	 898282092	 737431690	1150666011
    199992	 734843614	1293029002	 810086992	1416008018
    199993	1431932063	 742042453	2053007265	1246260534
    199994	1759734904	1016046102	 749651167	 325115441
    199995	1374356488	 234207902	 415830553	  38759928
    199996	 279806318	1951311529	1368706887	 600628240
    199997	1140964453	 819303419	 819362382	 386901309
    199998	 217628977	 741166622	 682933702	 955111231
    199999	1639448714	1420365392	2105777242	 226808681
    200000	 565910746	 768380586	1642816699	1997842809
